📊 Resumen de cartas detectadas:

Normal → 20 cartas
IDs: 549481, 1184620, 1784619, 2118022, 2311603, 2483611, 2863439, 2964201, 3134241, 3573512, 3797883, 4035199, 4042268, 4920010, 5265750, 5388481, 5434080, 5464695, 5818798, 6368038

Effect → 32 cartas
IDs: 102380, 218704, 423705, 425934, 1347977, 1434352, 1525329, 2326738, 2460565, 2671330, 2792265, 2851070, 3056267, 3493978, 3510565, 3549275, 3643300, 3773196, 4266839, 4335645, 4732017, 4896788, 5257687, 5901497, 6104968, 6967870, 6979239, 7019529, 7089711, 7180418, 7369217, 7489323

Fusion → 5 cartas
IDs: 1412158, 1641882, 2111707, 2504891, 5600127

Synchro → 0 cartas

Xyz → 0 cartas

Link → 0 cartas

Ritual → 1 cartas
IDs: 4849037

Pendulum → 0 cartas

Spell → 20 cartas
IDs: 295517, 403847, 1435851, 1557499, 2204140, 2903036, 3682106, 4031928, 4542651, 4614116, 4861205, 5318639, 5494820, 5758500, 5990062, 6343408, 6390406, 6850209, 7165085, 7512044

Trap → 19 cartas
IDs: 296499, 473469, 596051, 1082946, 1248895, 1804528, 1918087, 2130625, 2833249, 2926176, 3027001, 3055837, 3149764, 3819470, 4178474, 4206964, 5616412, 6733059, 7565547

Otro → 3 cartas
IDs: 2134346, 2356994, 3078576

